 1
 1
 587 233 220
 30
 1 108 0 76 0 30 1 40
 2 110 0 43 1 25 1 33
 3 92 1 81 1 55 1 390
 4 49 0 25 1 21 1 41
 5 60 1 51 1 41 1 53
 6 103 1 76 1 64 1 44
 7 97 0 81 0 27 1 41
 8 102 0 78 0 39 1 42
 9 113 0 46 1 36 1 44
 10 113 0 92 0 33 1 67
 11 52 1 37 1 28 1 60
 12 57 1 33 1 29 1 70
 13 88 0 54 1 39 1 51
 14 94 0 54 1 36 1 38
 15 87 0 77 1 43 1 47
 16 86 1 84 1 45 1 56
 17 81 0 45 1 34 1 56
 18 70 1 54 1 37 1 35
 19 118 0 79 1 51 1 37
 20 86 0 32 1 31 1 44
 21 64 1 58 1 52 1 45
 22 75 1 58 1 57 1 58
 23 57 1 37 1 30 1 66
 24 79 0 74 0 35 1 56
 25 90 1 70 1 63 1 29
 26 84 0 78 0 28 1 32
 27 94 0 85 0 39 1 40
 28 68 0 66 0 31 1 44
 29 120 0 34 1 26 1 41
 30 95 1 76 1 60 1 45
 