 1
 1
 587 233 220
 500
 1 108 0 76 0 30 1 1
 2 110 0 43 1 25 1 2
 3 92 1 81 1 55 1 2
 4 81 0 33 1 28 1 2
 5 120 1 99 1 73 1 2
 6 111 0 70 1 48 1 2
 7 98 0 72 1 46 1 1
 8 95 0 66 0 31 1 2
 9 85 0 84 0 30 1 2
 10 71 0 32 1 25 1 4
 11 36 1 34 1 25 1 3
 12 97 1 67 1 62 1 2
 13 33 1 25 1 23 1 3
 14 95 0 27 1 26 1 2
 15 94 0 81 1 44 1 2
 16 41 1 39 1 38 1 3
 17 104 1 74 1 65 1 7
 18 52 1 41 1 36 1 4
 19 104 0 78 0 34 1 2
 20 83 1 77 1 46 1 1
 21 74 0 56 1 30 1 3
 22 95 1 80 1 63 1 4
 23 56 1 35 1 33 1 3
 24 96 1 95 1 49 1 3
 25 88 0 68 0 30 1 1
 26 80 0 65 0 29 1 2
 27 60 1 55 1 41 1 2
 28 113 0 56 0 20 1 4
 29 93 0 31 1 31 1 2
 30 87 0 83 0 26 1 1
 31 110 0 67 1 44 1 5
 32 118 0 25 1 21 1 3
 33 61 1 44 1 39 1 3
 34 120 0 30 1 26 1 1
 35 107 0 49 1 25 1 3
 36 64 0 60 0 26 1 4
 37 91 1 67 1 54 1 2
 38 78 1 64 1 49 1 5
 39 61 1 34 1 31 1 2
 40 119 0 94 0 36 1 1
 41 81 0 34 1 34 1 2
 42 57 1 56 1 42 1 2
 43 69 0 48 1 30 1 4
 44 81 1 58 1 42 1 6
 45 76 0 74 0 26 1 1
 46 93 1 77 1 67 1 4
 47 83 0 63 1 32 1 4
 48 79 1 65 1 43 1 4
 49 112 0 69 1 40 1 4
 50 97 0 44 1 31 1 2
 51 49 0 25 1 21 1 2
 52 60 1 51 1 41 1 5
 53 103 1 76 1 64 1 2
 54 95 1 70 1 62 1 3
 55 111 0 49 1 26 1 2
 56 85 1 84 1 72 1 2
 57 48 1 36 1 31 1 2
 58 86 0 76 0 38 1 2
 59 71 1 48 1 47 1 2
 60 90 0 43 1 33 1 4
 61 98 0 52 1 44 1 2
 62 73 0 37 1 23 1 1
 63 61 1 48 1 39 1 3
 64 75 1 75 1 63 1 4
 65 74 1 42 1 40 1 4
 66 98 0 88 0 26 1 2
 67 97 0 69 1 41 1 1
 68 89 1 77 1 46 1 2
 69 73 1 64 1 55 1 2
 70 84 1 69 1 66 1 2
 71 38 1 37 1 29 1 1
 72 61 1 47 1 39 1 1
 73 57 1 44 1 42 1 5
 74 98 0 79 0 20 1 1
 75 83 1 76 1 57 1 1
 76 75 0 62 1 36 1 3
 77 60 1 55 1 45 1 2
 78 79 1 64 1 40 1 3
 79 103 0 76 1 44 1 3
 80 96 1 82 1 59 1 4
 81 86 0 51 1 27 1 3
 82 103 0 54 1 31 1 2
 83 83 1 71 1 62 1 1
 84 106 1 76 1 71 1 3
 85 78 0 58 1 30 1 3
 86 79 0 25 1 20 1 3
 87 97 1 94 1 73 1 2
 88 91 0 87 0 43 1 5
 89 97 0 48 1 29 1 4
 90 119 0 25 1 21 1 2
 91 54 1 49 1 36 1 3
 92 86 0 70 1 42 1 1
 93 88 0 67 0 30 1 1
 94 109 1 82 1 75 1 4
 95 88 0 39 1 35 1 1
 96 91 0 81 0 36 1 4
 97 103 0 97 0 27 1 2
 98 75 1 49 1 42 1 3
 99 105 0 49 1 35 1 2
 100 109 0 57 1 50 1 1
 101 97 0 81 0 27 1 2
 102 102 0 78 0 39 1 2
 103 113 0 46 1 36 1 1
 104 66 1 50 1 42 1 3
 105 101 0 30 1 26 1 5
 106 100 0 56 1 35 1 2
 107 91 0 50 1 40 1 5
 108 106 1 61 1 56 1 3
 109 103 1 63 1 58 1 2
 110 75 1 57 1 41 1 5
 111 71 1 68 1 64 1 7
 112 85 0 67 1 39 1 2
 113 97 1 63 1 56 1 2
 114 61 0 48 1 30 1 2
 115 80 0 54 1 35 1 2
 116 73 1 66 1 62 1 2
 117 90 1 74 1 69 1 1
 118 118 0 61 1 40 1 3
 119 94 0 43 1 31 1 2
 120 90 0 49 1 30 1 2
 121 61 0 43 0 20 1 4
 122 74 1 73 1 59 1 1
 123 58 1 53 1 51 1 1
 124 100 1 62 1 53 1 2
 125 64 1 46 1 45 1 3
 126 83 0 71 0 34 1 3
 127 80 0 51 1 34 1 1
 128 71 1 60 1 46 1 2
 129 113 0 56 1 46 1 2
 130 110 0 76 0 31 1 2
 131 71 0 61 1 35 1 6
 132 87 0 82 0 41 1 2
 133 105 0 85 0 37 1 3
 134 92 0 66 1 36 1 3
 135 100 0 47 1 36 1 1
 136 99 0 98 0 37 1 3
 137 97 1 79 1 49 1 2
 138 70 0 41 1 33 1 3
 139 68 0 35 1 28 1 4
 140 118 0 67 0 32 1 4
 141 117 0 65 1 38 1 4
 142 82 0 54 1 28 1 3
 143 74 1 69 1 64 1 3
 144 83 1 69 1 47 1 2
 145 95 1 74 1 55 1 4
 146 70 0 65 0 28 1 3
 147 86 0 51 1 31 1 2
 148 95 0 85 0 40 1 3
 149 98 0 29 1 29 1 4
 150 120 1 69 1 68 1 1
 151 113 0 92 0 33 1 2
 152 52 1 37 1 28 1 2
 153 57 1 33 1 29 1 2
 154 99 0 37 1 30 1 2
 155 92 0 64 1 33 1 1
 156 119 0 59 1 39 1 3
 157 54 1 52 1 49 1 3
 158 75 0 45 1 35 1 2
 159 79 1 68 1 44 1 3
 160 116 0 49 1 47 1 1
 161 83 0 44 1 23 1 4
 162 98 1 96 1 56 1 3
 163 78 1 72 1 57 1 3
 164 98 0 88 1 47 1 1
 165 41 1 33 1 31 1 2
 166 59 1 35 1 34 1 4
 167 83 0 78 0 37 1 1
 168 68 0 34 1 33 1 5
 169 103 0 69 1 49 1 1
 170 97 0 53 1 32 1 3
 171 92 1 63 1 50 1 2
 172 108 0 57 1 40 1 1
 173 62 1 60 1 58 1 4
 174 101 0 46 1 25 1 2
 175 99 0 53 1 36 1 1
 176 67 1 67 1 55 1 4
 177 99 0 46 1 38 1 1
 178 103 1 80 1 79 1 5
 179 91 0 69 0 32 1 2
 180 71 0 63 1 33 1 4
 181 95 0 54 1 36 1 2
 182 72 0 51 1 34 1 3
 183 64 0 35 1 32 1 3
 184 78 1 77 1 55 1 2
 185 76 1 50 1 41 1 2
 186 116 0 97 1 53 1 2
 187 91 0 25 1 24 1 2
 188 83 0 56 1 35 1 2
 189 40 1 26 1 23 1 2
 190 117 0 52 1 39 1 1
 191 90 0 81 0 40 1 1
 192 98 1 94 1 75 1 3
 193 62 1 57 1 50 1 2
 194 119 1 84 1 80 1 2
 195 75 1 60 1 60 1 4
 196 59 1 42 1 34 1 1
 197 76 1 74 1 51 1 1
 198 95 0 65 1 39 1 8
 199 100 1 91 1 70 1 3
 200 81 0 40 1 26 1 2
 201 88 0 54 1 39 1 1
 202 94 0 54 1 36 1 1
 203 87 0 77 1 43 1 2
 204 100 1 80 1 72 1 5
 205 83 0 40 1 36 1 2
 206 91 0 54 0 22 1 4
 207 109 0 58 1 54 1 3
 208 94 0 55 1 30 1 3
 209 34 1 32 1 31 1 3
 210 83 1 80 1 57 1 1
 211 108 0 40 1 26 1 3
 212 72 0 37 1 32 1 2
 213 93 0 93 0 28 1 2
 214 71 0 56 1 33 1 6
 215 104 0 78 0 26 1 3
 216 94 0 85 1 44 1 2
 217 82 1 75 1 65 1 1
 218 109 0 81 0 28 1 5
 219 79 1 73 1 45 1 2
 220 104 1 91 1 76 1 5
 221 56 1 48 1 45 1 2
 222 67 1 55 1 52 1 3
 223 72 1 69 1 59 1 2
 224 103 0 58 0 29 1 2
 225 61 0 41 1 25 1 3
 226 63 0 39 1 26 1 3
 227 88 0 58 1 41 1 2
 228 87 0 70 1 39 1 6
 229 61 0 42 0 21 1 5
 230 66 1 47 1 35 1 1
 231 103 0 79 0 37 1 3
 232 62 1 61 1 57 1 2
 233 57 1 55 1 30 1 1
 234 64 1 45 1 41 1 1
 235 92 0 47 1 45 1 1
 236 95 0 70 1 44 1 2
 237 43 1 30 1 28 1 6
 238 79 0 61 1 34 1 1
 239 103 0 71 0 25 1 3
 240 116 0 45 1 37 1 2
 241 96 0 63 1 42 1 1
 242 106 1 66 1 61 1 4
 243 59 1 40 1 31 1 4
 244 85 1 79 1 52 1 2
 245 116 0 46 1 34 1 2
 246 64 1 56 1 48 1 3
 247 70 1 63 1 40 1 2
 248 105 0 37 1 35 1 1
 249 94 1 85 1 50 1 5
 250 94 0 52 1 45 1 2
 251 86 1 84 1 45 1 2
 252 81 0 45 1 34 1 3
 253 70 1 54 1 37 1 4
 254 71 1 61 1 52 1 2
 255 78 1 73 1 40 1 5
 256 69 1 63 1 46 1 3
 257 72 1 67 1 56 1 5
 258 75 0 75 0 36 1 7
 259 94 1 88 1 50 1 3
 260 65 1 51 1 50 1 3
 261 81 1 56 1 46 1 3
 262 68 0 44 1 27 1 4
 263 108 0 52 1 45 1 1
 264 114 0 80 1 44 1 3
 265 84 0 39 1 22 1 5
 266 62 0 58 1 30 1 5
 267 86 0 68 0 33 1 3
 268 59 0 52 0 22 1 5
 269 42 0 33 1 21 1 3
 270 110 0 74 1 38 1 4
 271 79 0 62 0 28 1 3
 272 86 0 53 1 33 1 2
 273 78 0 60 0 20 1 4
 274 105 0 88 0 29 1 4
 275 115 0 75 0 29 1 4
 276 73 1 72 1 59 1 2
 277 77 0 77 0 36 1 3
 278 94 0 59 1 36 1 4
 279 52 1 33 1 30 1 2
 280 68 1 61 1 60 1 4
 281 78 0 63 0 20 1 4
 282 91 0 71 1 42 1 5
 283 79 1 79 1 58 1 3
 284 82 0 50 1 35 1 2
 285 74 1 53 1 43 1 4
 286 93 0 62 0 26 1 2
 287 86 0 36 1 31 1 1
 288 76 0 26 1 26 1 2
 289 100 1 74 1 58 1 3
 290 115 0 52 0 22 1 4
 291 44 1 36 1 35 1 2
 292 119 0 47 1 35 1 3
 293 89 0 57 0 23 1 2
 294 85 0 39 1 24 1 2
 295 81 0 55 1 32 1 2
 296 70 0 37 1 33 1 2
 297 89 1 64 1 52 1 1
 298 115 0 81 0 36 1 1
 299 89 0 78 0 30 1 5
 300 64 0 63 0 30 1 4
 301 118 0 79 1 51 1 2
 302 86 0 32 1 31 1 2
 303 64 1 58 1 52 1 4
 304 42 1 42 1 32 1 4
 305 64 1 55 1 43 1 2
 306 84 0 70 0 35 1 2
 307 76 0 57 1 36 1 1
 308 95 1 60 1 55 1 3
 309 80 1 66 1 52 1 1
 310 109 0 73 0 23 1 2
 311 72 1 65 1 54 1 3
 312 98 0 55 1 44 1 3
 313 88 0 61 1 31 1 3
 314 94 1 82 1 66 1 2
 315 78 1 77 1 64 1 2
 316 77 0 32 1 30 1 3
 317 91 1 61 1 61 1 1
 318 101 1 100 1 77 1 1
 319 103 1 63 1 59 1 2
 320 117 0 61 1 57 1 1
 321 71 0 69 0 34 1 3
 322 60 0 51 1 30 1 1
 323 87 0 60 0 29 1 3
 324 107 1 72 1 62 1 2
 325 93 1 77 1 64 1 3
 326 55 1 44 1 44 1 1
 327 66 0 36 1 31 1 1
 328 94 0 79 0 26 1 3
 329 76 1 63 1 46 1 5
 330 74 1 56 1 40 1 2
 331 64 1 54 1 48 1 3
 332 118 0 43 0 20 1 4
 333 101 0 26 1 24 1 1
 334 47 1 37 1 24 1 2
 335 84 1 58 1 43 1 3
 336 92 0 81 1 43 1 3
 337 42 1 38 1 34 1 3
 338 117 0 52 1 49 1 1
 339 98 0 46 1 45 1 3
 340 115 1 68 1 59 1 1
 341 99 0 52 1 46 1 4
 342 79 0 40 1 34 1 4
 343 70 1 67 1 55 1 2
 344 90 1 86 1 57 1 2
 345 94 0 75 1 46 1 3
 346 116 1 84 1 63 1 5
 347 109 0 41 1 28 1 5
 348 50 1 34 1 34 1 3
 349 83 1 71 1 71 1 4
 350 75 0 43 0 21 1 3
 351 75 1 58 1 57 1 3
 352 57 1 37 1 30 1 1
 353 79 0 74 0 35 1 3
 354 104 1 99 1 74 1 1
 355 55 1 46 1 31 1 2
 356 99 0 98 0 33 1 1
 357 90 1 85 1 59 1 5
 358 115 0 74 1 44 1 2
 359 107 0 67 0 21 1 3
 360 81 1 76 1 55 1 2
 361 118 0 84 0 27 1 4
 362 67 1 60 1 38 1 2
 363 78 1 48 1 46 1 2
 364 67 1 53 1 49 1 2
 365 74 1 43 1 38 1 1
 366 89 1 81 1 62 1 2
 367 95 0 54 1 28 1 4
 368 72 1 72 1 51 1 1
 369 93 0 72 0 35 1 1
 370 40 1 33 1 23 1 1
 371 75 1 66 1 53 1 1
 372 65 0 49 1 26 1 3
 373 96 0 61 1 38 1 5
 374 109 0 55 1 34 1 5
 375 82 0 54 1 39 1 4
 376 92 1 77 1 51 1 1
 377 117 0 56 1 55 1 2
 378 60 1 38 1 34 1 3
 379 73 1 59 1 45 1 2
 380 88 1 73 1 51 1 2
 381 120 0 47 1 32 1 3
 382 102 0 71 0 31 1 4
 383 51 1 49 1 32 1 4
 384 114 1 88 1 75 1 4
 385 73 0 64 1 35 1 2
 386 99 1 90 1 59 1 1
 387 81 0 48 1 38 1 2
 388 79 1 71 1 68 1 3
 389 108 0 97 0 32 1 3
 390 114 0 66 1 53 1 3
 391 71 1 67 1 48 1 3
 392 52 0 47 0 20 1 3
 393 52 1 51 1 49 1 2
 394 87 0 49 1 29 1 1
 395 102 0 80 0 34 1 2
 396 105 0 98 0 32 1 1
 397 52 1 37 1 29 1 2
 398 96 0 44 1 33 1 3
 399 78 1 64 1 51 1 4
 400 86 0 55 1 40 1 2
 401 90 1 70 1 63 1 4
 402 84 0 78 0 28 1 3
 403 94 0 85 0 39 1 1
 404 80 1 76 1 54 1 1
 405 69 1 50 1 45 1 2
 406 70 1 57 1 37 1 4
 407 94 1 61 1 54 1 1
 408 92 0 44 1 29 1 1
 409 72 1 53 1 37 1 2
 410 89 0 43 1 27 1 3
 411 91 0 44 1 28 1 1
 412 78 1 76 1 68 1 1
 413 84 0 61 1 33 1 2
 414 107 0 40 1 39 1 4
 415 114 1 75 1 69 1 1
 416 57 1 55 1 48 1 1
 417 99 0 57 1 47 1 1
 418 92 0 66 1 44 1 4
 419 73 1 48 1 42 1 2
 420 99 0 46 1 39 1 2
 421 97 0 82 0 35 1 2
 422 100 0 53 1 47 1 1
 423 104 0 62 1 48 1 2
 424 111 0 67 1 39 1 1
 425 93 0 70 1 43 1 1
 426 63 1 49 1 46 1 2
 427 112 0 75 1 45 1 2
 428 118 0 58 1 42 1 2
 429 91 1 83 1 72 1 3
 430 102 0 45 1 45 1 2
 431 96 0 92 0 30 1 2
 432 100 0 87 0 41 1 1
 433 78 1 72 1 54 1 4
 434 100 1 64 1 52 1 3
 435 77 1 69 1 41 1 3
 436 118 1 88 1 76 1 2
 437 54 1 41 1 33 1 3
 438 110 0 94 0 44 1 2
 439 96 1 80 1 80 1 4
 440 113 0 73 1 38 1 2
 441 83 1 50 1 44 1 1
 442 91 1 67 1 64 1 2
 443 50 1 32 1 32 1 1
 444 100 1 88 1 62 1 3
 445 67 1 66 1 54 1 3
 446 94 0 62 1 35 1 2
 447 94 1 77 1 56 1 1
 448 66 0 54 1 31 1 4
 449 72 0 57 1 31 1 3
 450 98 1 67 1 59 1 2
 451 68 0 66 0 31 1 6
 452 120 0 34 1 26 1 7
 453 95 1 76 1 60 1 1
 454 61 1 47 1 34 1 2
 455 53 1 45 1 36 1 2
 456 80 1 52 1 42 1 2
 457 109 0 63 0 28 1 1
 458 74 0 64 1 35 1 2
 459 53 1 40 1 36 1 3
 460 102 1 96 1 59 1 2
 461 64 1 60 1 47 1 2
 462 99 0 90 0 32 1 2
 463 76 1 50 1 43 1 1
 464 90 0 75 0 25 1 3
 465 94 0 65 1 37 1 4
 466 117 0 34 1 28 1 3
 467 39 1 28 1 24 1 1
 468 92 0 60 1 42 1 3
 469 102 0 78 1 49 1 1
 470 82 1 69 1 46 1 2
 471 88 1 78 1 53 1 1
 472 45 0 43 0 20 1 2
 473 113 1 62 1 57 1 3
 474 113 0 98 0 38 1 5
 475 58 1 55 1 32 1 2
 476 42 0 34 1 21 1 3
 477 107 0 34 1 33 1 2
 478 84 1 78 1 49 1 3
 479 93 0 60 0 23 1 4
 480 115 0 78 1 40 1 3
 481 76 1 74 1 71 1 1
 482 72 1 52 1 51 1 3
 483 95 0 76 1 44 1 1
 484 93 1 86 1 54 1 4
 485 119 1 75 1 71 1 2
 486 86 0 46 1 32 1 2
 487 76 1 60 1 44 1 3
 488 70 1 61 1 41 1 5
 489 94 1 68 1 51 1 1
 490 112 0 79 0 23 1 1
 491 108 0 99 1 52 1 2
 492 77 1 59 1 53 1 1
 493 90 1 76 1 48 1 1
 494 89 0 60 1 34 1 2
 495 74 0 52 1 32 1 3
 496 83 0 49 1 31 1 3
 497 83 0 76 1 41 1 4
 498 64 0 36 1 30 1 2
 499 71 1 66 1 50 1 3
 500 109 1 80 1 78 1 4