1
1
587 233 220
 1000
 1	108	0	76	0	30	1	1
2	110	0	43	1	25	1	1
3	92	1	81	1	55	1	1
4	81	0	33	1	28	1	1
5	120	1	99	1	73	1	3
6	111	0	70	1	48	1	1
7	98	0	72	1	46	1	1
8	95	0	66	0	31	1	1
9	85	0	84	0	30	1	1
10	71	0	32	1	25	1	1
11	36	1	34	1	25	1	2
12	97	1	67	1	62	1	1
13	33	1	25	1	23	1	1
14	95	0	27	1	26	1	2
15	94	0	81	1	44	1	1
16	41	1	39	1	38	1	1
17	104	1	74	1	65	1	1
18	52	1	41	1	36	1	1
19	104	0	78	0	34	1	1
20	83	1	77	1	46	1	2
21	74	0	56	1	30	1	1
22	95	1	80	1	63	1	1
23	56	1	35	1	33	1	1
24	96	1	95	1	49	1	1
25	88	0	68	0	30	1	1
26	80	0	65	0	29	1	1
27	60	1	55	1	41	1	1
28	113	0	56	0	20	1	1
29	93	0	31	1	31	1	1
30	87	0	83	0	26	1	1
31	110	0	67	1	44	1	2
32	118	0	25	1	21	1	1
33	61	1	44	1	39	1	2
34	120	0	30	1	26	1	1
35	107	0	49	1	25	1	1
36	64	0	60	0	26	1	1
37	91	1	67	1	54	1	1
38	78	1	64	1	49	1	1
39	61	1	34	1	31	1	1
40	119	0	94	0	36	1	1
41	81	0	34	1	34	1	1
42	57	1	56	1	42	1	1
43	69	0	48	1	30	1	1
44	81	1	58	1	42	1	1
45	76	0	74	0	26	1	1
46	93	1	77	1	67	1	1
47	83	0	63	1	32	1	1
48	79	1	65	1	43	1	2
49	112	0	69	1	40	1	1
50	97	0	44	1	31	1	1
51	98	1	60	1	51	1	1
52	119	0	46	1	27	1	3
53	112	0	51	1	44	1	1
54	97	1	68	1	49	1	1
55	118	1	77	1	76	1	2
56	97	1	73	1	49	1	1
57	95	1	82	1	76	1	2
58	91	1	71	1	69	1	1
59	76	0	38	1	36	1	1
60	81	0	66	0	22	1	1
61	60	1	40	1	33	1	1
62	93	0	42	1	41	1	1
63	102	0	82	0	39	1	1
64	60	1	59	1	38	1	1
65	79	0	56	1	30	1	1
66	70	1	52	1	39	1	1
67	113	0	51	1	36	1	1
68	96	0	38	1	33	1	2
69	107	1	64	1	57	1	2
70	81	1	80	1	70	1	1
71	71	1	57	1	47	1	2
72	120	1	95	1	62	1	1
73	65	1	50	1	48	1	1
74	112	0	78	0	31	1	1
75	63	1	62	1	38	1	1
76	90	1	84	1	72	1	1
77	115	0	90	1	48	1	2
78	72	1	68	1	47	1	1
79	109	0	45	1	43	1	2
80	119	0	73	0	28	1	1
81	78	0	38	1	37	1	1
82	70	1	63	1	61	1	1
83	83	1	73	1	50	1	1
84	114	0	68	1	53	1	1
85	107	1	84	1	78	1	1
86	90	0	76	0	35	1	1
87	40	1	34	1	32	1	1
88	66	1	53	1	34	1	1
89	60	1	56	1	32	1	1
90	86	1	83	1	51	1	1
91	94	0	81	0	26	1	1
92	98	1	75	1	59	1	2
93	68	1	68	1	44	1	1
94	87	0	30	1	24	1	1
95	89	0	55	1	29	1	2
96	54	1	43	1	34	1	1
97	99	0	57	0	27	1	1
98	82	1	51	1	43	1	1
99	78	0	34	1	33	1	1
100	51	1	51	1	39	1	1
101	49	0	25	1	21	1	1
102	60	1	51	1	41	1	2
103	103	1	76	1	64	1	1
104	95	1	70	1	62	1	1
105	111	0	49	1	26	1	1
106	85	1	84	1	72	1	1
107	48	1	36	1	31	1	1
108	86	0	76	0	38	1	2
109	71	1	48	1	47	1	1
110	90	0	43	1	33	1	1
111	98	0	52	1	44	1	1
112	73	0	37	1	23	1	1
113	61	1	48	1	39	1	3
114	75	1	75	1	63	1	2
115	74	1	42	1	40	1	1
116	98	0	88	0	26	1	2
117	97	0	69	1	41	1	1
118	89	1	77	1	46	1	4
119	73	1	64	1	55	1	1
120	84	1	69	1	66	1	2
121	38	1	37	1	29	1	1
122	61	1	47	1	39	1	2
123	57	1	44	1	42	1	1
124	98	0	79	0	20	1	1
125	83	1	76	1	57	1	1
126	75	0	62	1	36	1	1
127	60	1	55	1	45	1	2
128	79	1	64	1	40	1	1
129	103	0	76	1	44	1	1
130	96	1	82	1	59	1	1
131	86	0	51	1	27	1	3
132	103	0	54	1	31	1	1
133	83	1	71	1	62	1	1
134	106	1	76	1	71	1	1
135	78	0	58	1	30	1	2
136	79	0	25	1	20	1	1
137	97	1	94	1	73	1	1
138	91	0	87	0	43	1	2
139	97	0	48	1	29	1	1
140	119	0	25	1	21	1	1
141	54	1	49	1	36	1	1
142	86	0	70	1	42	1	1
143	88	0	67	0	30	1	1
144	109	1	82	1	75	1	1
145	88	0	39	1	35	1	1
146	91	0	81	0	36	1	1
147	103	0	97	0	27	1	3
148	75	1	49	1	42	1	1
149	105	0	49	1	35	1	1
150	109	0	57	1	50	1	1
151	71	0	55	1	32	1	1
152	91	1	57	1	57	1	1
153	80	0	66	0	29	1	1
154	71	0	30	1	22	1	2
155	93	0	47	0	22	1	2
156	72	1	55	1	43	1	1
157	73	0	46	1	33	1	1
158	90	0	83	0	20	1	2
159	91	0	76	0	35	1	1
160	71	0	67	0	27	1	1
161	78	1	71	1	42	1	2
162	86	1	71	1	56	1	1
163	115	0	35	1	27	1	1
164	103	0	73	0	30	1	2
165	64	1	63	1	53	1	1
166	66	1	51	1	46	1	1
167	82	1	77	1	54	1	1
168	98	0	97	0	31	1	1
169	100	0	62	0	31	1	1
170	94	1	65	1	49	1	1
171	112	0	68	0	33	1	1
172	76	1	56	1	45	1	1
173	117	1	65	1	63	1	1
174	81	0	47	1	32	1	2
175	98	0	65	0	32	1	2
176	79	1	56	1	47	1	2
177	76	1	57	1	50	1	1
178	65	0	53	1	27	1	1
179	65	1	55	1	40	1	2
180	60	1	50	1	32	1	1
181	85	1	57	1	44	1	1
182	57	1	48	1	46	1	2
183	87	1	73	1	44	1	2
184	82	1	60	1	45	1	3
185	97	0	58	1	42	1	1
186	86	0	65	1	37	1	2
187	99	0	53	1	44	1	1
188	65	0	30	1	29	1	1
189	79	0	63	1	37	1	1
190	118	0	64	0	28	1	2
191	118	0	37	1	28	1	2
192	104	1	57	1	53	1	1
193	103	1	74	1	54	1	1
194	93	1	74	1	71	1	2
195	67	1	51	1	37	1	2
196	49	0	38	1	22	1	1
197	93	1	65	1	62	1	1
198	78	1	71	1	70	1	1
199	96	1	92	1	60	1	1
200	40	1	37	1	35	1	2
201	97	0	81	0	27	1	1
202	102	0	78	0	39	1	1
203	113	0	46	1	36	1	1
204	66	1	50	1	42	1	1
205	101	0	30	1	26	1	1
206	100	0	56	1	35	1	1
207	91	0	50	1	40	1	2
208	106	1	61	1	56	1	1
209	103	1	63	1	58	1	2
210	75	1	57	1	41	1	1
211	71	1	68	1	64	1	2
212	85	0	67	1	39	1	2
213	97	1	63	1	56	1	2
214	61	0	48	1	30	1	2
215	80	0	54	1	35	1	3
216	73	1	66	1	62	1	2
217	90	1	74	1	69	1	2
218	118	0	61	1	40	1	1
219	94	0	43	1	31	1	1
220	90	0	49	1	30	1	1
221	61	0	43	0	20	1	1
222	74	1	73	1	59	1	1
223	58	1	53	1	51	1	1
224	100	1	62	1	53	1	1
225	64	1	46	1	45	1	1
226	83	0	71	0	34	1	1
227	80	0	51	1	34	1	1
228	71	1	60	1	46	1	1
229	113	0	56	1	46	1	1
230	110	0	76	0	31	1	1
231	71	0	61	1	35	1	1
232	87	0	82	0	41	1	1
233	105	0	85	0	37	1	1
234	92	0	66	1	36	1	1
235	100	0	47	1	36	1	1
236	99	0	98	0	37	1	2
237	97	1	79	1	49	1	1
238	70	0	41	1	33	1	1
239	68	0	35	1	28	1	2
240	118	0	67	0	32	1	2
241	117	0	65	1	38	1	1
242	82	0	54	1	28	1	1
243	74	1	69	1	64	1	1
244	83	1	69	1	47	1	1
245	95	1	74	1	55	1	1
246	70	0	65	0	28	1	1
247	86	0	51	1	31	1	1
248	95	0	85	0	40	1	1
249	98	0	29	1	29	1	1
250	120	1	69	1	68	1	1
251	103	0	51	1	44	1	2
252	87	1	78	1	67	1	1
253	81	1	75	1	48	1	1
254	74	1	57	1	39	1	1
255	66	0	34	1	28	1	1
256	104	1	95	1	74	1	2
257	87	1	70	1	61	1	1
258	111	0	75	0	30	1	1
259	106	0	40	1	33	1	1
260	68	0	61	1	33	1	1
261	83	1	47	1	45	1	1
262	70	1	54	1	49	1	2
263	48	1	36	1	31	1	2
264	99	0	54	0	25	1	2
265	119	1	97	1	72	1	1
266	39	1	32	1	31	1	1
267	85	0	57	1	36	1	2
268	97	0	67	0	30	1	1
269	93	1	74	1	66	1	1
270	108	0	59	1	31	1	3
271	76	0	70	0	27	1	1
272	71	0	49	1	32	1	3
273	96	1	81	1	60	1	1
274	92	0	51	1	32	1	1
275	67	0	43	1	26	1	2
276	98	0	73	0	23	1	1
277	85	0	66	1	37	1	1
278	67	1	63	1	34	1	1
279	112	0	66	1	34	1	1
280	93	0	36	1	28	1	2
281	91	1	78	1	49	1	1
282	113	0	51	1	34	1	1
283	96	1	91	1	76	1	1
284	52	1	49	1	36	1	1
285	99	0	66	1	34	1	1
286	94	1	83	1	59	1	2
287	90	1	66	1	53	1	1
288	99	0	64	0	24	1	1
289	99	1	93	1	79	1	1
290	77	1	62	1	47	1	1
291	63	1	49	1	38	1	1
292	84	1	56	1	43	1	1
293	71	0	40	0	20	1	2
294	64	1	62	1	57	1	1
295	109	0	72	1	46	1	1
296	64	1	51	1	34	1	1
297	117	0	54	1	42	1	1
298	96	0	75	0	31	1	1
299	83	0	59	1	41	1	1
300	120	0	36	1	20	1	1
301	113	0	92	0	33	1	2
302	52	1	37	1	28	1	1
303	57	1	33	1	29	1	1
304	99	0	37	1	30	1	1
305	92	0	64	1	33	1	1
306	119	0	59	1	39	1	1
307	54	1	52	1	49	1	1
308	75	0	45	1	35	1	1
309	79	1	68	1	44	1	2
310	116	0	49	1	47	1	1
311	83	0	44	1	23	1	1
312	98	1	96	1	56	1	1
313	78	1	72	1	57	1	1
314	98	0	88	1	47	1	1
315	41	1	33	1	31	1	2
316	59	1	35	1	34	1	1
317	83	0	78	0	37	1	1
318	68	0	34	1	33	1	3
319	103	0	69	1	49	1	1
320	97	0	53	1	32	1	2
321	92	1	63	1	50	1	1
322	108	0	57	1	40	1	1
323	62	1	60	1	58	1	1
324	101	0	46	1	25	1	1
325	99	0	53	1	36	1	2
326	67	1	67	1	55	1	1
327	99	0	46	1	38	1	1
328	103	1	80	1	79	1	2
329	91	0	69	0	32	1	1
330	71	0	63	1	33	1	1
331	95	0	54	1	36	1	1
332	72	0	51	1	34	1	2
333	64	0	35	1	32	1	1
334	78	1	77	1	55	1	1
335	76	1	50	1	41	1	1
336	116	0	97	1	53	1	1
337	91	0	25	1	24	1	1
338	83	0	56	1	35	1	1
339	40	1	26	1	23	1	2
340	117	0	52	1	39	1	2
341	90	0	81	0	40	1	2
342	98	1	94	1	75	1	2
343	62	1	57	1	50	1	2
344	119	1	84	1	80	1	1
345	75	1	60	1	60	1	1
346	59	1	42	1	34	1	1
347	76	1	74	1	51	1	1
348	95	0	65	1	39	1	2
349	100	1	91	1	70	1	1
350	81	0	40	1	26	1	2
351	93	1	83	1	47	1	1
352	116	1	77	1	66	1	1
353	108	1	97	1	59	1	1
354	77	0	48	1	30	1	1
355	86	0	51	1	35	1	1
356	61	1	44	1	42	1	1
357	90	1	67	1	51	1	1
358	67	1	41	1	41	1	1
359	80	0	30	1	30	1	1
360	69	1	51	1	38	1	2
361	94	0	92	1	47	1	1
362	118	0	98	0	22	1	1
363	69	0	49	1	27	1	1
364	97	0	91	0	39	1	1
365	93	1	79	1	54	1	1
366	88	0	59	1	33	1	1
367	116	0	67	1	37	1	1
368	97	0	35	1	28	1	1
369	87	0	71	1	41	1	2
370	77	1	54	1	44	1	1
371	47	1	40	1	32	1	1
372	97	0	80	1	43	1	1
373	96	1	75	1	57	1	1
374	111	0	60	1	32	1	1
375	96	1	79	1	69	1	2
376	67	1	64	1	60	1	1
377	90	0	75	1	45	1	1
378	91	1	60	1	47	1	1
379	78	0	68	0	29	1	2
380	67	1	39	1	35	1	1
381	98	0	55	1	37	1	2
382	89	0	45	0	20	1	2
383	118	0	96	0	48	1	1
384	108	0	44	1	28	1	1
385	49	1	47	1	30	1	1
386	80	1	79	1	47	1	1
387	81	1	79	1	63	1	1
388	77	0	63	0	20	1	1
389	119	0	60	1	48	1	1
390	98	0	66	0	29	1	1
391	99	0	60	1	48	1	1
392	72	1	54	1	39	1	1
393	39	1	26	1	26	1	1
394	49	1	43	1	36	1	1
395	100	0	90	0	33	1	2
396	79	0	78	0	29	1	1
397	90	1	81	1	80	1	2
398	71	0	52	1	32	1	1
399	118	0	69	0	23	1	1
400	109	0	65	1	35	1	1
401	88	0	54	1	39	1	3
402	94	0	54	1	36	1	1
403	87	0	77	1	43	1	1
404	100	1	80	1	72	1	2
405	83	0	40	1	36	1	1
406	91	0	54	0	22	1	1
407	109	0	58	1	54	1	2
408	94	0	55	1	30	1	2
409	34	1	32	1	31	1	1
410	83	1	80	1	57	1	2
411	108	0	40	1	26	1	2
412	72	0	37	1	32	1	2
413	93	0	93	0	28	1	1
414	71	0	56	1	33	1	1
415	104	0	78	0	26	1	1
416	94	0	85	1	44	1	1
417	82	1	75	1	65	1	1
418	109	0	81	0	28	1	1
419	79	1	73	1	45	1	1
420	104	1	91	1	76	1	3
421	56	1	48	1	45	1	1
422	67	1	55	1	52	1	1
423	72	1	69	1	59	1	1
424	103	0	58	0	29	1	1
425	61	0	41	1	25	1	1
426	63	0	39	1	26	1	1
427	88	0	58	1	41	1	1
428	87	0	70	1	39	1	1
429	61	0	42	0	21	1	1
430	66	1	47	1	35	1	2
431	103	0	79	0	37	1	2
432	62	1	61	1	57	1	1
433	57	1	55	1	30	1	1
434	64	1	45	1	41	1	1
435	92	0	47	1	45	1	3
436	95	0	70	1	44	1	1
437	43	1	30	1	28	1	1
438	79	0	61	1	34	1	2
439	103	0	71	0	25	1	1
440	116	0	45	1	37	1	2
441	96	0	63	1	42	1	1
442	106	1	66	1	61	1	1
443	59	1	40	1	31	1	1
444	85	1	79	1	52	1	1
445	116	0	46	1	34	1	1
446	64	1	56	1	48	1	1
447	70	1	63	1	40	1	1
448	105	0	37	1	35	1	2
449	94	1	85	1	50	1	1
450	94	0	52	1	45	1	1
451	66	1	64	1	43	1	1
452	55	0	54	0	26	1	1
453	76	0	44	1	36	1	1
454	79	1	64	1	57	1	1
455	106	0	68	1	41	1	1
456	110	1	75	1	66	1	1
457	119	1	91	1	64	1	1
458	62	1	59	1	51	1	2
459	45	1	44	1	28	1	1
460	70	1	43	1	41	1	1
461	106	0	62	1	49	1	1
462	95	0	67	1	36	1	1
463	90	0	61	0	23	1	1
464	83	1	52	1	49	1	1
465	88	0	67	0	26	1	1
466	118	0	68	0	25	1	2
467	98	1	78	1	56	1	1
468	98	0	95	0	27	1	2
469	84	1	80	1	75	1	1
470	57	1	48	1	45	1	3
471	94	1	70	1	68	1	1
472	47	1	36	1	36	1	2
473	55	1	54	1	36	1	2
474	80	0	32	1	29	1	1
475	115	1	90	1	71	1	1
476	61	0	36	1	30	1	1
477	80	0	51	0	24	1	1
478	73	0	58	0	26	1	2
479	115	0	90	0	24	1	1
480	68	1	45	1	43	1	1
481	60	0	58	0	29	1	2
482	67	1	64	1	38	1	2
483	100	0	80	1	50	1	1
484	96	0	75	0	36	1	2
485	91	1	60	1	54	1	1
486	77	1	75	1	41	1	1
487	73	0	72	0	31	1	2
488	76	1	62	1	54	1	1
489	79	1	48	1	41	1	1
490	85	0	42	1	42	1	1
491	71	1	58	1	44	1	1
492	102	1	70	1	52	1	2
493	97	0	88	0	32	1	1
494	99	0	37	1	29	1	1
495	79	1	71	1	55	1	1
496	93	0	47	1	25	1	1
497	57	1	50	1	44	1	2
498	73	1	67	1	59	1	2
499	86	1	66	1	56	1	1
500	98	0	50	1	34	1	1
501	86	1	84	1	45	1	2
502	81	0	45	1	34	1	2
503	70	1	54	1	37	1	2
504	71	1	61	1	52	1	3
505	78	1	73	1	40	1	1
506	69	1	63	1	46	1	1
507	72	1	67	1	56	1	2
508	75	0	75	0	36	1	1
509	94	1	88	1	50	1	1
510	65	1	51	1	50	1	3
511	81	1	56	1	46	1	2
512	68	0	44	1	27	1	3
513	108	0	52	1	45	1	1
514	114	0	80	1	44	1	1
515	84	0	39	1	22	1	3
516	62	0	58	1	30	1	1
517	86	0	68	0	33	1	1
518	59	0	52	0	22	1	2
519	42	0	33	1	21	1	1
520	110	0	74	1	38	1	3
521	79	0	62	0	28	1	4
522	86	0	53	1	33	1	4
523	78	0	60	0	20	1	1
524	105	0	88	0	29	1	1
525	115	0	75	0	29	1	1
526	73	1	72	1	59	1	1
527	77	0	77	0	36	1	2
528	94	0	59	1	36	1	1
529	52	1	33	1	30	1	1
530	68	1	61	1	60	1	1
531	78	0	63	0	20	1	2
532	91	0	71	1	42	1	2
533	79	1	79	1	58	1	3
534	82	0	50	1	35	1	1
535	74	1	53	1	43	1	2
536	93	0	62	0	26	1	1
537	86	0	36	1	31	1	1
538	76	0	26	1	26	1	2
539	100	1	74	1	58	1	1
540	115	0	52	0	22	1	2
541	44	1	36	1	35	1	1
542	119	0	47	1	35	1	1
543	89	0	57	0	23	1	1
544	85	0	39	1	24	1	1
545	81	0	55	1	32	1	1
546	70	0	37	1	33	1	2
547	89	1	64	1	52	1	1
548	115	0	81	0	36	1	2
549	89	0	78	0	30	1	1
550	64	0	63	0	30	1	1
551	44	1	39	1	39	1	1
552	84	0	41	1	36	1	2
553	51	1	44	1	29	1	1
554	82	0	66	1	38	1	1
555	84	0	47	1	35	1	1
556	89	1	67	1	45	1	1
557	61	1	57	1	56	1	1
558	83	1	61	1	51	1	1
559	84	0	60	0	25	1	1
560	71	0	48	1	32	1	1
561	117	0	52	1	31	1	1
562	73	0	50	1	35	1	2
563	80	0	74	0	34	1	2
564	92	1	75	1	65	1	2
565	45	1	41	1	34	1	2
566	112	0	53	1	49	1	2
567	88	1	58	1	52	1	1
568	98	0	64	0	25	1	1
569	79	1	73	1	51	1	2
570	105	0	70	1	43	1	1
571	58	0	32	1	27	1	1
572	83	0	73	0	30	1	2
573	52	1	52	1	33	1	1
574	74	0	50	1	32	1	1
575	84	1	73	1	60	1	4
576	72	1	72	1	55	1	1
577	103	0	39	1	33	1	1
578	67	1	55	1	54	1	2
579	79	0	71	0	25	1	1
580	101	0	47	0	22	1	1
581	78	0	65	1	35	1	2
582	53	1	40	1	32	1	1
583	73	0	51	1	28	1	1
584	88	0	42	1	28	1	1
585	79	1	74	1	41	1	1
586	71	0	63	0	30	1	1
587	82	1	63	1	45	1	2
588	71	0	61	1	32	1	1
589	67	0	33	1	22	1	1
590	77	0	56	0	27	1	2
591	80	0	68	0	21	1	1
592	51	0	40	1	25	1	1
593	74	1	65	1	38	1	1
594	100	1	76	1	70	1	2
595	77	1	57	1	52	1	2
596	108	1	96	1	76	1	2
597	99	0	86	0	34	1	1
598	86	0	64	1	33	1	1
599	53	1	48	1	42	1	1
600	87	0	34	1	32	1	2
601	118	0	79	1	51	1	2
602	86	0	32	1	31	1	1
603	64	1	58	1	52	1	2
604	42	1	42	1	32	1	1
605	64	1	55	1	43	1	1
606	84	0	70	0	35	1	1
607	76	0	57	1	36	1	2
608	95	1	60	1	55	1	1
609	80	1	66	1	52	1	1
610	109	0	73	0	23	1	1
611	72	1	65	1	54	1	2
612	98	0	55	1	44	1	1
613	88	0	61	1	31	1	1
614	94	1	82	1	66	1	1
615	78	1	77	1	64	1	1
616	77	0	32	1	30	1	1
617	91	1	61	1	61	1	1
618	101	1	100	1	77	1	1
619	103	1	63	1	59	1	1
620	117	0	61	1	57	1	1
621	71	0	69	0	34	1	1
622	60	0	51	1	30	1	2
623	87	0	60	0	29	1	1
624	107	1	72	1	62	1	2
625	93	1	77	1	64	1	2
626	55	1	44	1	44	1	2
627	66	0	36	1	31	1	3
628	94	0	79	0	26	1	1
629	76	1	63	1	46	1	1
630	74	1	56	1	40	1	1
631	64	1	54	1	48	1	2
632	118	0	43	0	20	1	3
633	101	0	26	1	24	1	2
634	47	1	37	1	24	1	1
635	84	1	58	1	43	1	1
636	92	0	81	1	43	1	1
637	42	1	38	1	34	1	1
638	117	0	52	1	49	1	2
639	98	0	46	1	45	1	1
640	115	1	68	1	59	1	1
641	99	0	52	1	46	1	1
642	79	0	40	1	34	1	1
643	70	1	67	1	55	1	1
644	90	1	86	1	57	1	2
645	94	0	75	1	46	1	1
646	116	1	84	1	63	1	1
647	109	0	41	1	28	1	1
648	50	1	34	1	34	1	2
649	83	1	71	1	71	1	1
650	75	0	43	0	21	1	1
651	115	0	87	0	34	1	1
652	114	0	47	1	29	1	1
653	103	1	74	1	67	1	1
654	85	1	75	1	72	1	1
655	54	0	54	0	25	1	2
656	116	0	77	0	36	1	1
657	96	1	85	1	58	1	1
658	104	0	71	1	43	1	1
659	75	0	48	0	23	1	3
660	113	0	72	1	54	1	1
661	76	0	54	1	38	1	2
662	80	1	63	1	51	1	2
663	86	1	76	1	55	1	1
664	79	1	68	1	43	1	1
665	106	0	79	1	42	1	1
666	105	0	80	0	29	1	1
667	119	0	83	0	38	1	1
668	98	0	33	1	24	1	1
669	93	0	67	0	23	1	1
670	83	0	73	1	37	1	1
671	113	0	70	1	47	1	1
672	99	0	39	1	24	1	1
673	103	0	67	1	49	1	1
674	110	0	43	1	32	1	1
675	96	1	78	1	76	1	2
676	49	1	48	1	38	1	1
677	75	1	64	1	42	1	1
678	53	1	46	1	35	1	1
679	117	0	74	0	37	1	1
680	61	1	50	1	42	1	1
681	71	1	42	1	38	1	2
682	107	0	39	1	26	1	2
683	96	0	32	1	22	1	2
684	101	0	80	0	21	1	1
685	87	0	82	1	42	1	1
686	67	0	59	0	23	1	1
687	92	1	58	1	54	1	1
688	101	1	66	1	59	1	2
689	87	1	64	1	64	1	1
690	112	0	69	1	46	1	1
691	116	0	78	0	32	1	1
692	70	1	55	1	49	1	2
693	60	1	44	1	33	1	1
694	88	0	62	1	42	1	1
695	38	1	36	1	34	1	1
696	92	0	44	1	32	1	1
697	72	1	63	1	47	1	1
698	113	0	60	1	54	1	1
699	112	0	29	1	29	1	2
700	79	0	76	0	31	1	1
701	75	1	58	1	57	1	2
702	57	1	37	1	30	1	1
703	79	0	74	0	35	1	1
704	104	1	99	1	74	1	1
705	55	1	46	1	31	1	1
706	99	0	98	0	33	1	1
707	90	1	85	1	59	1	1
708	115	0	74	1	44	1	1
709	107	0	67	0	21	1	2
710	81	1	76	1	55	1	1
711	118	0	84	0	27	1	1
712	67	1	60	1	38	1	2
713	78	1	48	1	46	1	1
714	67	1	53	1	49	1	1
715	74	1	43	1	38	1	2
716	89	1	81	1	62	1	1
717	95	0	54	1	28	1	1
718	72	1	72	1	51	1	1
719	93	0	72	0	35	1	1
720	40	1	33	1	23	1	1
721	75	1	66	1	53	1	1
722	65	0	49	1	26	1	1
723	96	0	61	1	38	1	1
724	109	0	55	1	34	1	1
725	82	0	54	1	39	1	1
726	92	1	77	1	51	1	1
727	117	0	56	1	55	1	2
728	60	1	38	1	34	1	2
729	73	1	59	1	45	1	1
730	88	1	73	1	51	1	1
731	120	0	47	1	32	1	1
732	102	0	71	0	31	1	1
733	51	1	49	1	32	1	1
734	114	1	88	1	75	1	1
735	73	0	64	1	35	1	2
736	99	1	90	1	59	1	1
737	81	0	48	1	38	1	1
738	79	1	71	1	68	1	1
739	108	0	97	0	32	1	1
740	114	0	66	1	53	1	1
741	71	1	67	1	48	1	2
742	52	0	47	0	20	1	2
743	52	1	51	1	49	1	2
744	87	0	49	1	29	1	1
745	102	0	80	0	34	1	1
746	105	0	98	0	32	1	1
747	52	1	37	1	29	1	1
748	96	0	44	1	33	1	1
749	78	1	64	1	51	1	3
750	86	0	55	1	40	1	1
751	96	0	60	0	30	1	1
752	93	1	57	1	53	1	1
753	82	1	71	1	59	1	1
754	88	1	84	1	46	1	1
755	74	1	60	1	42	1	1
756	74	1	59	1	47	1	2
757	114	0	60	1	55	1	1
758	35	1	34	1	21	1	1
759	90	0	88	0	20	1	1
760	103	1	73	1	59	1	1
761	57	1	49	1	46	1	1
762	120	0	77	1	48	1	3
763	99	1	76	1	72	1	1
764	86	0	60	1	31	1	1
765	80	0	49	1	36	1	1
766	99	0	86	1	46	1	2
767	79	0	59	1	37	1	2
768	98	0	92	0	22	1	1
769	60	0	60	0	27	1	1
770	96	0	41	1	32	1	1
771	77	0	67	0	32	1	1
772	87	1	78	1	49	1	1
773	83	1	82	1	46	1	2
774	87	0	80	0	32	1	1
775	78	1	71	1	41	1	1
776	80	0	44	1	24	1	1
777	116	0	51	1	34	1	1
778	92	0	50	1	26	1	1
779	73	1	69	1	48	1	2
780	75	1	54	1	39	1	2
781	76	1	58	1	49	1	1
782	96	0	83	0	25	1	1
783	118	0	54	1	37	1	1
784	74	1	71	1	68	1	1
785	100	0	66	0	33	1	2
786	88	1	63	1	45	1	1
787	102	0	71	1	45	1	1
788	78	1	61	1	58	1	1
789	107	0	95	0	44	1	1
790	65	0	56	0	21	1	1
791	88	0	61	1	43	1	1
792	99	0	86	1	47	1	1
793	92	0	50	1	46	1	1
794	104	0	75	1	49	1	1
795	106	1	90	1	60	1	1
796	87	1	72	1	47	1	1
797	117	0	83	1	49	1	1
798	75	1	56	1	48	1	1
799	91	1	79	1	72	1	1
800	64	0	64	0	30	1	1
801	90	1	70	1	63	1	1
802	84	0	78	0	28	1	1
803	94	0	85	0	39	1	2
804	80	1	76	1	54	1	1
805	69	1	50	1	45	1	2
806	70	1	57	1	37	1	1
807	94	1	61	1	54	1	1
808	92	0	44	1	29	1	1
809	72	1	53	1	37	1	1
810	89	0	43	1	27	1	1
811	91	0	44	1	28	1	2
812	78	1	76	1	68	1	1
813	84	0	61	1	33	1	2
814	107	0	40	1	39	1	1
815	114	1	75	1	69	1	1
816	57	1	55	1	48	1	1
817	99	0	57	1	47	1	1
818	92	0	66	1	44	1	1
819	73	1	48	1	42	1	1
820	99	0	46	1	39	1	1
821	97	0	82	0	35	1	1
822	100	0	53	1	47	1	1
823	104	0	62	1	48	1	1
824	111	0	67	1	39	1	1
825	93	0	70	1	43	1	1
826	63	1	49	1	46	1	1
827	112	0	75	1	45	1	1
828	118	0	58	1	42	1	1
829	91	1	83	1	72	1	2
830	102	0	45	1	45	1	1
831	96	0	92	0	30	1	1
832	100	0	87	0	41	1	1
833	78	1	72	1	54	1	1
834	100	1	64	1	52	1	1
835	77	1	69	1	41	1	1
836	118	1	88	1	76	1	1
837	54	1	41	1	33	1	1
838	110	0	94	0	44	1	1
839	96	1	80	1	80	1	1
840	113	0	73	1	38	1	1
841	83	1	50	1	44	1	1
842	91	1	67	1	64	1	1
843	50	1	32	1	32	1	1
844	100	1	88	1	62	1	1
845	67	1	66	1	54	1	1
846	94	0	62	1	35	1	1
847	94	1	77	1	56	1	1
848	66	0	54	1	31	1	1
849	72	0	57	1	31	1	1
850	98	1	67	1	59	1	1
851	76	0	33	1	26	1	1
852	82	1	80	1	67	1	2
853	97	0	44	1	39	1	1
854	93	1	91	1	80	1	1
855	94	1	67	1	58	1	1
856	83	0	78	0	31	1	1
857	52	0	52	0	25	1	1
858	55	0	31	1	27	1	1
859	105	0	79	1	52	1	2
860	93	1	74	1	64	1	1
861	91	1	61	1	59	1	1
862	98	0	92	0	30	1	1
863	111	1	97	1	68	1	1
864	52	1	45	1	38	1	1
865	70	1	57	1	54	1	1
866	93	1	73	1	66	1	2
867	90	1	68	1	59	1	1
868	99	0	61	0	21	1	1
869	53	1	32	1	27	1	1
870	101	0	33	1	26	1	1
871	70	0	41	1	27	1	1
872	75	1	72	1	43	1	1
873	98	0	61	1	44	1	1
874	56	1	49	1	32	1	1
875	80	1	77	1	65	1	1
876	61	1	46	1	38	1	1
877	77	1	70	1	60	1	1
878	74	1	67	1	48	1	1
879	120	0	63	1	60	1	1
880	108	1	78	1	58	1	2
881	82	1	79	1	55	1	1
882	89	1	72	1	58	1	1
883	50	0	41	1	25	1	1
884	66	1	63	1	36	1	1
885	74	0	37	1	30	1	1
886	67	1	59	1	42	1	1
887	111	0	36	1	23	1	1
888	57	1	57	1	56	1	1
889	49	1	36	1	25	1	1
890	91	0	83	0	34	1	1
891	98	1	97	1	54	1	3
892	46	1	41	1	38	1	2
893	59	1	57	1	31	1	1
894	76	0	63	1	35	1	2
895	87	0	69	0	21	1	1
896	83	0	62	1	40	1	1
897	81	0	43	1	26	1	1
898	75	0	53	1	35	1	1
899	77	1	54	1	47	1	1
900	53	1	48	1	29	1	1
901	68	0	66	0	31	1	1
902	120	0	34	1	26	1	1
903	95	1	76	1	60	1	1
904	61	1	47	1	34	1	1
905	53	1	45	1	36	1	2
906	80	1	52	1	42	1	1
907	109	0	63	0	28	1	1
908	74	0	64	1	35	1	1
909	53	1	40	1	36	1	1
910	102	1	96	1	59	1	1
911	64	1	60	1	47	1	1
912	99	0	90	0	32	1	1
913	76	1	50	1	43	1	1
914	90	0	75	0	25	1	1
915	94	0	65	1	37	1	1
916	117	0	34	1	28	1	1
917	39	1	28	1	24	1	1
918	92	0	60	1	42	1	1
919	102	0	78	1	49	1	1
920	82	1	69	1	46	1	1
921	88	1	78	1	53	1	2
922	45	0	43	0	20	1	2
923	113	1	62	1	57	1	1
924	113	0	98	0	38	1	3
925	58	1	55	1	32	1	1
926	42	0	34	1	21	1	2
927	107	0	34	1	33	1	1
928	84	1	78	1	49	1	1
929	93	0	60	0	23	1	1
930	115	0	78	1	40	1	1
931	76	1	74	1	71	1	3
932	72	1	52	1	51	1	2
933	95	0	76	1	44	1	1
934	93	1	86	1	54	1	1
935	119	1	75	1	71	1	2
936	86	0	46	1	32	1	4
937	76	1	60	1	44	1	1
938	70	1	61	1	41	1	2
939	94	1	68	1	51	1	2
940	112	0	79	0	23	1	1
941	108	0	99	1	52	1	1
942	77	1	59	1	53	1	1
943	90	1	76	1	48	1	1
944	89	0	60	1	34	1	3
945	74	0	52	1	32	1	1
946	83	0	49	1	31	1	2
947	83	0	76	1	41	1	1
948	64	0	36	1	30	1	2
949	71	1	66	1	50	1	3
950	109	1	80	1	78	1	1
951	82	0	57	0	22	1	2
952	112	1	77	1	68	1	2
953	98	0	37	1	28	1	1
954	94	0	54	0	26	1	1
955	114	1	75	1	73	1	1
956	80	0	48	1	30	1	1
957	80	1	65	1	49	1	1
958	95	0	75	1	41	1	1
959	120	1	91	1	76	1	1
960	83	1	75	1	69	1	1
961	72	1	61	1	60	1	1
962	75	1	61	1	43	1	3
963	63	1	42	1	32	1	1
964	81	1	58	1	44	1	1
965	119	0	65	0	28	1	2
966	87	0	46	1	39	1	1
967	99	0	39	1	31	1	1
968	99	0	80	0	30	1	1
969	70	1	47	1	36	1	1
970	69	0	46	0	21	1	1
971	96	0	47	1	32	1	1
972	90	0	65	0	25	1	1
973	41	1	40	1	38	1	1
974	109	0	32	1	25	1	1
975	112	0	59	0	21	1	1
976	88	0	36	1	32	1	1
977	69	0	39	1	29	1	1
978	55	1	46	1	45	1	1
979	76	1	71	1	58	1	1
980	62	1	55	1	50	1	1
981	87	0	62	1	38	1	3
982	83	0	58	1	34	1	2
983	73	1	57	1	45	1	1
984	94	1	58	1	55	1	1
985	116	0	54	1	50	1	1
986	71	0	55	0	27	1	1
987	36	1	30	1	27	1	1
988	56	1	52	1	34	1	1
989	80	1	67	1	55	1	1
990	47	1	36	1	26	1	1
991	65	0	42	1	32	1	1
992	72	1	67	1	44	1	1
993	118	1	93	1	63	1	1
994	50	0	48	0	21	1	1
995	68	1	47	1	43	1	1
996	78	1	77	1	69	1	1
997	79	1	64	1	45	1	1
998	102	0	56	1	49	1	1
999	106	0	64	1	36	1	2
1000 42	1	32	1	27	1	2
 