 1
 1
 587 233 220
 50
 1 108 0 76 0 30 1 24
 2 110 0 43 1 25 1 7
 3 92 1 81 1 55 1 22
 4 81 0 33 1 28 1 13
 5 120 1 99 1 73 1 15
 6 49 0 25 1 21 1 22
 7 60 1 51 1 41 1 22
 8 103 1 76 1 64 1 28
 9 95 1 70 1 62 1 25
 10 111 0 49 1 26 1 17
 11 97 0 81 0 27 1 27
 12 102 0 78 0 39 1 31
 13 113 0 46 1 36 1 35
 14 66 1 50 1 42 1 37
 15 101 0 30 1 26 1 36
 16 113 0 92 0 33 1 37
 17 52 1 37 1 28 1 44
 18 57 1 33 1 29 1 38
 19 99 0 37 1 30 1 39
 20 92 0 64 1 33 1 43
 21 88 0 54 1 39 1 25
 22 94 0 54 1 36 1 27
 23 87 0 77 1 43 1 21
 24 100 1 80 1 72 1 20
 25 83 0 40 1 36 1 24
 26 86 1 84 1 45 1 37
 27 81 0 45 1 34 1 30
 28 70 1 54 1 37 1 31
 29 71 1 61 1 52 1 18
 30 78 1 73 1 40 1 26
 31 118 0 79 1 51 1 28
 32 86 0 32 1 31 1 31
 33 64 1 58 1 52 1 28
 34 42 1 42 1 32 1 39
 35 64 1 55 1 43 1 40
 36 75 1 58 1 57 1 20
 37 57 1 37 1 30 1 24
 38 79 0 74 0 35 1 30
 39 104 1 99 1 74 1 20
 40 55 1 46 1 31 1 28
 41 90 1 70 1 63 1 16
 42 84 0 78 0 28 1 28
 43 94 0 85 0 39 1 20
 44 80 1 76 1 54 1 23
 45 69 1 50 1 45 1 31
 46 68 0 66 0 31 1 32
 47 120 0 34 1 26 1 32
 48 95 1 76 1 60 1 35
 49 61 1 47 1 34 1 30
 50 53 1 45 1 36 1 45
 
 