 1
 1
 587 233 220
 80
 1 108 0 76 0 30 1 24
 2 110 0 43 1 25 1 9
 3 92 1 81 1 55 1 8
 4 81 0 33 1 28 1 11
 5 120 1 99 1 73 1 11
 6 111 0 70 1 48 1 10
 7 98 0 72 1 46 1 12
 8 95 0 66 0 31 1 9
 9 49 0 25 1 21 1 16
 10 60 1 51 1 41 1 8
 11 103 1 76 1 64 1 16
 12 95 1 70 1 62 1 18
 13 111 0 49 1 26 1 18
 14 85 1 84 1 72 1 16
 15 48 1 36 1 31 1 17
 16 86 0 76 0 38 1 6
 17 97 0 81 0 27 1 10
 18 102 0 78 0 39 1 20
 19 113 0 46 1 36 1 18
 20 66 1 50 1 42 1 21
 21 101 0 30 1 26 1 16
 22 100 0 56 1 35 1 17
 23 91 0 50 1 40 1 22
 24 106 1 61 1 56 1 19
 25 113 0 92 0 33 1 23
 26 52 1 37 1 28 1 22
 27 57 1 33 1 29 1 26
 28 99 0 37 1 30 1 17
 29 92 0 64 1 33 1 23
 30 119 0 59 1 39 1 26
 31 54 1 52 1 49 1 18
 32 75 0 45 1 35 1 30
 33 88 0 54 1 39 1 16
 34 94 0 54 1 36 1 14
 35 87 0 77 1 43 1 20
 36 100 1 80 1 72 1 16
 37 83 0 40 1 36 1 6
 38 91 0 54 0 22 1 15
 39 109 0 58 1 54 1 17
 40 94 0 55 1 30 1 9
 41 86 1 84 1 45 1 23
 42 81 0 45 1 34 1 24
 43 70 1 54 1 37 1 24
 44 71 1 61 1 52 1 12
 45 78 1 73 1 40 1 18
 46 69 1 63 1 46 1 14
 47 72 1 67 1 56 1 13
 48 75 0 75 0 36 1 15
 49 118 0 79 1 51 1 18
 50 86 0 32 1 31 1 14
 51 64 1 58 1 52 1 18
 52 42 1 42 1 32 1 19
 53 64 1 55 1 43 1 14
 54 84 0 70 0 35 1 18
 55 76 0 57 1 36 1 23
 56 95 1 60 1 55 1 20
 57 75 1 58 1 57 1 11
 58 57 1 37 1 30 1 14
 59 79 0 74 0 35 1 11
 60 104 1 99 1 74 1 10
 61 55 1 46 1 31 1 20
 62 99 0 98 0 33 1 10
 63 90 1 85 1 59 1 12
 64 115 0 74 1 44 1 16
 65 90 1 70 1 63 1 6
 66 84 0 78 0 28 1 17
 67 94 0 85 0 39 1 19
 68 80 1 76 1 54 1 16
 69 69 1 50 1 45 1 16
 70 70 1 57 1 37 1 17
 71 94 1 61 1 54 1 18
 72 92 0 44 1 29 1 24
 73 68 0 66 0 31 1 18
 74 120 0 34 1 26 1 27
 75 95 1 76 1 60 1 17
 76 61 1 47 1 34 1 19
 77 53 1 45 1 36 1 25
 78 80 1 52 1 42 1 22
 79 109 0 63 0 28 1 22
 80 74 0 64 1 35 1 30
 
 
 
 
 
 
 
 