 1
 1
 587 233 220
 100
 1 108 0 76 0 30 1 20
 2 110 0 43 1 25 1 11
 3 92 1 81 1 55 1 9
 4 81 0 33 1 28 1 9
 5 120 1 99 1 73 1 9
 6 111 0 70 1 48 1 13
 7 98 0 72 1 46 1 4
 8 95 0 66 0 31 1 12
 9 85 0 84 0 30 1 9
 10 71 0 32 1 25 1 10
 11 49 0 25 1 21 1 13
 12 60 1 51 1 41 1 9
 13 103 1 76 1 64 1 11
 14 95 1 70 1 62 1 14
 15 111 0 49 1 26 1 13
 16 85 1 84 1 72 1 16
 17 48 1 36 1 31 1 12
 18 86 0 76 0 38 1 11
 19 71 1 48 1 47 1 16
 20 90 0 43 1 33 1 8
 21 97 0 81 0 27 1 8
 22 102 0 78 0 39 1 16
 23 113 0 46 1 36 1 12
 24 66 1 50 1 42 1 12
 25 101 0 30 1 26 1 18
 26 100 0 56 1 35 1 13
 27 91 0 50 1 40 1 14
 28 106 1 61 1 56 1 17
 29 103 1 63 1 58 1 12
 30 75 1 57 1 41 1 13
 31 113 0 92 0 33 1 15
 32 52 1 37 1 28 1 17
 33 57 1 33 1 29 1 17
 34 99 0 37 1 30 1 19
 35 92 0 64 1 33 1 13
 36 119 0 59 1 39 1 19
 37 54 1 52 1 49 1 13
 38 75 0 45 1 35 1 21
 39 79 1 68 1 44 1 13
 40 116 0 49 1 47 1 22
 41 88 0 54 1 39 1 12
 42 94 0 54 1 36 1 12
 43 87 0 77 1 43 1 17
 44 100 1 80 1 72 1 15
 45 83 0 40 1 36 1 18
 46 91 0 54 0 22 1 7
 47 109 0 58 1 54 1 10
 48 94 0 55 1 30 1 13
 49 34 1 32 1 31 1 18
 50 83 1 80 1 57 1 8
 51 86 1 84 1 45 1 18
 52 81 0 45 1 34 1 19
 53 70 1 54 1 37 1 13
 54 71 1 61 1 52 1 16
 55 78 1 73 1 40 1 10
 56 69 1 63 1 46 1 13
 57 72 1 67 1 56 1 10
 58 75 0 75 0 36 1 8
 59 94 1 88 1 50 1 12
 60 65 1 51 1 50 1 13
 61 118 0 79 1 51 1 16
 62 86 0 32 1 31 1 8
 63 64 1 58 1 52 1 14
 64 42 1 42 1 32 1 14
 65 64 1 55 1 43 1 16
 66 84 0 70 0 35 1 10
 67 76 0 57 1 36 1 14
 68 95 1 60 1 55 1 14
 69 80 1 66 1 52 1 14
 70 109 0 73 0 23 1 18
 71 75 1 58 1 57 1 8
 72 57 1 37 1 30 1 11
 73 79 0 74 0 35 1 14
 74 104 1 99 1 74 1 8
 75 55 1 46 1 31 1 11
 76 99 0 98 0 33 1 15
 77 90 1 85 1 59 1 9
 78 115 0 74 1 44 1 7
 79 107 0 67 0 21 1 11
 80 81 1 76 1 55 1 13
 81 90 1 70 1 63 1 4
 82 84 0 78 0 28 1 15
 83 94 0 85 0 39 1 16
 84 80 1 76 1 54 1 16
 85 69 1 50 1 45 1 10
 86 70 1 57 1 37 1 17
 87 94 1 61 1 54 1 15
 88 92 0 44 1 29 1 20
 89 72 1 53 1 37 1 13
 90 89 0 43 1 27 1 23
 91 68 0 66 0 31 1 11
 92 120 0 34 1 26 1 14
 93 95 1 76 1 60 1 17
 94 61 1 47 1 34 1 12
 95 53 1 45 1 36 1 11
 96 80 1 52 1 42 1 12
 97 109 0 63 0 28 1 11
 98 74 0 64 1 35 1 12
 99 53 1 40 1 36 1 16
 100 102 1 96 1 59 1 17
 
 
 
 
 
 
 