 1
 1
 587 233 220
 120
 1 108 0 76 0 30 1 17
 2 110 0 43 1 25 1 9
 3 92 1 81 1 55 1 7
 4 81 0 33 1 28 1 3
 5 120 1 99 1 73 1 11
 6 111 0 70 1 48 1 5
 7 98 0 72 1 46 1 11
 8 95 0 66 0 31 1 3
 9 85 0 84 0 30 1 9
 10 71 0 32 1 25 1 7
 11 36 1 34 1 25 1 8
 12 97 1 67 1 62 1 8
 13 49 0 25 1 21 1 13
 14 60 1 51 1 41 1 10
 15 103 1 76 1 64 1 5
 16 95 1 70 1 62 1 13
 17 111 0 49 1 26 1 13
 18 85 1 84 1 72 1 15
 19 48 1 36 1 31 1 13
 20 86 0 76 0 38 1 13
 21 71 1 48 1 47 1 12
 22 90 0 43 1 33 1 12
 23 98 0 52 1 44 1 13
 24 73 0 37 1 23 1 6
 25 97 0 81 0 27 1 7
 26 102 0 78 0 39 1 12
 27 113 0 46 1 36 1 11
 28 66 1 50 1 42 1 11
 29 101 0 30 1 26 1 9
 30 100 0 56 1 35 1 15
 31 91 0 50 1 40 1 9
 32 106 1 61 1 56 1 13
 33 103 1 63 1 58 1 9
 34 75 1 57 1 41 1 18
 35 71 1 68 1 64 1 6
 36 85 0 67 1 39 1 13
 37 113 0 92 0 33 1 11
 38 52 1 37 1 28 1 10
 39 57 1 33 1 29 1 14
 40 99 0 37 1 30 1 11
 41 92 0 64 1 33 1 12
 42 119 0 59 1 39 1 9
 43 54 1 52 1 49 1 12
 44 75 0 45 1 35 1 12
 45 79 1 68 1 44 1 15
 46 116 0 49 1 47 1 10
 47 83 0 44 1 23 1 9
 48 98 1 96 1 56 1 17
 49 88 0 54 1 39 1 7
 50 94 0 54 1 36 1 11
 51 87 0 77 1 43 1 11
 52 100 1 80 1 72 1 17
 53 83 0 40 1 36 1 14
 54 91 0 54 0 22 1 13
 55 109 0 58 1 54 1 8
 56 94 0 55 1 30 1 5
 57 34 1 32 1 31 1 14
 58 83 1 80 1 57 1 13
 59 108 0 40 1 26 1 9
 60 72 0 37 1 32 1 7
 61 86 1 84 1 45 1 18
 62 81 0 45 1 34 1 17
 63 70 1 54 1 37 1 12
 64 71 1 61 1 52 1 12
 65 78 1 73 1 40 1 15
 66 69 1 63 1 46 1 7
 67 72 1 67 1 56 1 11
 68 75 0 75 0 36 1 12
 69 94 1 88 1 50 1 7
 70 65 1 51 1 50 1 7
 71 81 1 56 1 46 1 12
 72 68 0 44 1 27 1 10
 73 118 0 79 1 51 1 14
 74 86 0 32 1 31 1 8
 75 64 1 58 1 52 1 9
 76 42 1 42 1 32 1 9
 77 64 1 55 1 43 1 13
 78 84 0 70 0 35 1 13
 79 76 0 57 1 36 1 7
 80 95 1 60 1 55 1 9
 81 80 1 66 1 52 1 12
 82 109 0 73 0 23 1 12
 83 72 1 65 1 54 1 12
 84 98 0 55 1 44 1 14
 85 75 1 58 1 57 1 5
 86 57 1 37 1 30 1 7
 87 79 0 74 0 35 1 11
 88 104 1 99 1 74 1 9
 89 55 1 46 1 31 1 6
 90 99 0 98 0 33 1 8
 91 90 1 85 1 59 1 13
 92 115 0 74 1 44 1 9
 93 107 0 67 0 21 1 4
 94 81 1 76 1 55 1 5
 95 118 0 84 0 27 1 11
 96 67 1 60 1 38 1 10
 97 90 1 70 1 63 1 2
 98 84 0 78 0 28 1 10
 99 94 0 85 0 39 1 12
 100 80 1 76 1 54 1 14
 101 69 1 50 1 45 1 11
 102 70 1 57 1 37 1 7
 103 94 1 61 1 54 1 14
 104 92 0 44 1 29 1 11
 105 72 1 53 1 37 1 11
 106 89 0 43 1 27 1 13
 107 91 0 44 1 28 1 15
 108 78 1 76 1 68 1 15
 109 68 0 66 0 31 1 10
 110 120 0 34 1 26 1 10
 111 95 1 76 1 60 1 16
 112 61 1 47 1 34 1 8
 113 53 1 45 1 36 1 9
 114 80 1 52 1 42 1 10
 115 109 0 63 0 28 1 12
 116 74 0 64 1 35 1 9
 117 53 1 40 1 36 1 8
 118 102 1 96 1 59 1 10
 119 64 1 60 1 47 1 16
 120 99 0 90 0 32 1 15
 