 1
 1
 587 233 220
 150
 1 108 0 76 0 30 1 12
 2 110 0 43 1 25 1 12
 3 92 1 81 1 55 1 6
 4 81 0 33 1 28 1 9
 5 120 1 99 1 73 1 5
 6 111 0 70 1 48 1 12
 7 98 0 72 1 46 1 9
 8 95 0 66 0 31 1 10
 9 85 0 84 0 30 1 8
 10 71 0 32 1 25 1 3
 11 36 1 34 1 25 1 10
 12 97 1 67 1 62 1 7
 13 33 1 25 1 23 1 7
 14 95 0 27 1 26 1 10
 15 94 0 81 1 44 1 9
 16 49 0 25 1 21 1 13
 17 60 1 51 1 41 1 9
 18 103 1 76 1 64 1 8
 19 95 1 70 1 62 1 6
 20 111 0 49 1 26 1 10
 21 85 1 84 1 72 1 10
 22 48 1 36 1 31 1 10
 23 86 0 76 0 38 1 12
 24 71 1 48 1 47 1 14
 25 90 0 43 1 33 1 9
 26 98 0 52 1 44 1 9
 27 73 0 37 1 23 1 10
 28 61 1 48 1 39 1 14
 29 75 1 75 1 63 1 11
 30 74 1 42 1 40 1 4
 31 97 0 81 0 27 1 6
 32 102 0 78 0 39 1 6
 33 113 0 46 1 36 1 15
 34 66 1 50 1 42 1 8
 35 101 0 30 1 26 1 6
 36 100 0 56 1 35 1 7
 37 91 0 50 1 40 1 12
 38 106 1 61 1 56 1 10
 39 103 1 63 1 58 1 8
 40 75 1 57 1 41 1 11
 41 71 1 68 1 64 1 6
 42 85 0 67 1 39 1 14
 43 97 1 63 1 56 1 9
 44 61 0 48 1 30 1 11
 45 80 0 54 1 35 1 9
 46 113 0 92 0 33 1 8
 47 52 1 37 1 28 1 12
 48 57 1 33 1 29 1 5
 49 99 0 37 1 30 1 12
 50 92 0 64 1 33 1 9
 51 119 0 59 1 39 1 12
 52 54 1 52 1 49 1 8
 53 75 0 45 1 35 1 6
 54 79 1 68 1 44 1 12
 55 116 0 49 1 47 1 9
 56 83 0 44 1 23 1 11
 57 98 1 96 1 56 1 10
 58 78 1 72 1 57 1 8
 59 98 0 88 1 47 1 9
 60 41 1 33 1 31 1 13
 61 88 0 54 1 39 1 7
 62 94 0 54 1 36 1 5
 63 87 0 77 1 43 1 11
 64 100 1 80 1 72 1 8
 65 83 0 40 1 36 1 16
 66 91 0 54 0 22 1 13
 67 109 0 58 1 54 1 16
 68 94 0 55 1 30 1 10
 69 34 1 32 1 31 1 8
 70 83 1 80 1 57 1 4
 71 108 0 40 1 26 1 11
 72 72 0 37 1 32 1 8
 73 93 0 93 0 28 1 13
 74 71 0 56 1 33 1 10
 75 104 0 78 0 26 1 5
 76 86 1 84 1 45 1 11
 77 81 0 45 1 34 1 15
 78 70 1 54 1 37 1 12
 79 71 1 61 1 52 1 9
 80 78 1 73 1 40 1 10
 81 69 1 63 1 46 1 12
 82 72 1 67 1 56 1 9
 83 75 0 75 0 36 1 7
 84 94 1 88 1 50 1 8
 85 65 1 51 1 50 1 10
 86 81 1 56 1 46 1 5
 87 68 0 44 1 27 1 6
 88 108 0 52 1 45 1 10
 89 114 0 80 1 44 1 7
 90 84 0 39 1 22 1 7
 91 118 0 79 1 51 1 9
 92 86 0 32 1 31 1 9
 93 64 1 58 1 52 1 5
 94 42 1 42 1 32 1 9
 95 64 1 55 1 43 1 7
 96 84 0 70 0 35 1 10
 97 76 0 57 1 36 1 11
 98 95 1 60 1 55 1 6
 99 80 1 66 1 52 1 5
 100 109 0 73 0 23 1 8
 101 72 1 65 1 54 1 9
 102 98 0 55 1 44 1 8
 103 88 0 61 1 31 1 8
 104 94 1 82 1 66 1 7
 105 78 1 77 1 64 1 12
 106 75 1 58 1 57 1 6
 107 57 1 37 1 30 1 5
 108 79 0 74 0 35 1 5
 109 104 1 99 1 74 1 11
 110 55 1 46 1 31 1 7
 111 99 0 98 0 33 1 5
 112 90 1 85 1 59 1 7
 113 115 0 74 1 44 1 9
 114 107 0 67 0 21 1 9
 115 81 1 76 1 55 1 8
 116 118 0 84 0 27 1 4
 117 67 1 60 1 38 1 5
 118 78 1 48 1 46 1 7
 119 67 1 53 1 49 1 10
 120 74 1 43 1 38 1 6
 121 90 1 70 1 63 1 2
 122 84 0 78 0 28 1 6
 123 94 0 85 0 39 1 9
 124 80 1 76 1 54 1 8
 125 69 1 50 1 45 1 10
 126 70 1 57 1 37 1 8
 127 94 1 61 1 54 1 5
 128 92 0 44 1 29 1 8
 129 72 1 53 1 37 1 13
 130 89 0 43 1 27 1 8
 131 91 0 44 1 28 1 7
 132 78 1 76 1 68 1 11
 133 84 0 61 1 33 1 5
 134 107 0 40 1 39 1 13
 135 114 1 75 1 69 1 11
 136 68 0 66 0 31 1 10
 137 120 0 34 1 26 1 6
 138 95 1 76 1 60 1 12
 139 61 1 47 1 34 1 11
 140 53 1 45 1 36 1 7
 141 80 1 52 1 42 1 9
 142 109 0 63 0 28 1 6
 143 74 0 64 1 35 1 13
 144 53 1 40 1 36 1 10
 145 102 1 96 1 59 1 9
 146 64 1 60 1 47 1 7
 147 99 0 90 0 32 1 7
 148 76 1 50 1 43 1 10
 149 90 0 75 0 25 1 15
 150 94 0 65 1 37 1 12
 
 
 
 
 
 