1
1
5890 2330 2380
20
1  1045 1 305 1 410 1 100
2  815  1 746 1 515 1 100
3  920  1 390 1 595 1 100
4  900  1 345 1 900 1 100
5  835  1 300 1 540 1 100
6  780  1 285 1 365 1 100
7  920  1 390 1 615 1 100 
8  965  1 395 1 775 1 100
9  1065 1 300 1 400 1 100
10 640  1 505 1 435 1 100
11 1134 1 625 1 489 1 300
12 718  1 683 1 438 1 200
13 768  1 668 1 503 1 100
14 725  1 640 1 445 1 200
15 594  1 565 1 438 1 250
16 565  1 460 1 385 1 300
17 758  1 802 1 528 1 200
18 425  1 305 1 537 1 150
19 835  1 300 1 540 1 230
20 870  1 287 1 365 1 200